module Common.Tests

import Common.Base((&), (==), (*), (+),
    matches, write, boolToString, arrayFoldl,
        Unit, Tuple, insert, empty, size)
import Common.Geometry(Vec4, Mat4, transpose, multiply, dot)
import Common.Array(foldl, append, inspect, words)
import Viewer.Obj


testLoad = test "Obj.load" (Obj.load "cube.obj")

test name result = write (name & " " & inspect result)

m1 = Mat4
    (Vec4 2 3 5 7)
    (Vec4 11 13 17 19)
    (Vec4 23 29 31 37)
    (Vec4 41 43 47 53)

m2 = Mat4
    (Vec4 59 61 67 71)
    (Vec4 73 79 83 89)
    (Vec4 97 101 103 107)
    (Vec4 109 113 127 131)

testTranspose =
    let {
        m1t = Mat4
            (Vec4 2 11 23 41)
            (Vec4 3 13 29 43)
            (Vec4 5 17 31 47)
            (Vec4 7 19 37 53)
    } in test "transpose" (boolToString (transpose m1 == m1t))

testMultiply =
    let {
        m = Mat4
            (Vec4 1585 1655 1787 1861)
            (Vec4 5318 5562 5980 6246)
            (Vec4 10514 11006 11840 12378)
            (Vec4 15894 16634 17888 18710)
    } in test "multiply" (boolToString (multiply m1 m2 == m))

testPrecedence =
    let
        v1 = 5 + 3 * 4
        v2 = 3 * 4 + 5
    in test "precedence" (boolToString (v1 == v2))

testDot =
    let
        v1 = Vec4 2 3 5 7
        v2 = Vec4 11 13 17 19
    in test "dot prod" (boolToString (dot v1 v2 == 279))

testParens1 =
    let
        v1 = (2 * 3) + (5 * 7)
        v2 =  2 * 3  +  5 * 7
    in test "parens 1" (boolToString (v1 == v2))

testParens2 =
    let
        v1 = (2 * 3) + (5 * 7) + (11 * 13) #is 184
        v2 =  2 * 3  +  5 * 7  +  11 * 13  #is 219
    in test "parens 2" (boolToString (v1 == v2))

testNegate =
    let { x = 5 } in
        test "negate" (case -x of {
            -5 -> "true";
            _ -> "false"})

testEq =
    let {
        m = Mat4
            (Vec4 2 3 5 7)
            (Vec4 11 13 17 19)
            (Vec4 23 29 31 37)
            (Vec4 41 43 47 53)
    } in test "eq" (boolToString (m1 == m))

testRight = test "should be true" (m1 == m1)
testWrong = test "should be false" (m1 == m2)
testInspect = test "inspect" (multiply m2 m1)

testWords = test "words should be 3" (size (words "Hello Little World!"))


idNum : Native.Numeral -> Native.Numeral
idNum x = x

#lol = idNum "hi"

rofl = idNum 1
